compRangeBiasAndRxChanPhase 0.0620084 0.45404 -0.40686 0.51889 -0.67807 0.52951 -0.49445 0.25153 -0.68301 0.28781 -0.62524 0.20657 -0.97842 0.31540 -0.77124 -0.08786 -0.69742 0.18347 -0.65274 0.07849 -0.91025 0.16531 -0.76498 -0.12796 -0.71414
compRangeBiasAndRxChanPhase 0.0619419 0.53326 -0.30069 0.64841 -0.55093 0.62015 -0.36884 0.39297 -0.60754 0.41693 -0.55054 0.41428 -0.91016 0.47394 -0.68671 0.06366 -0.70477 0.31924 -0.59903 0.27710 -0.87802 0.32373 -0.71448 0.02478 -0.72522
compRangeBiasAndRxChanPhase 0.0619667 0.52835 -0.29828 0.64832 -0.54590 0.62164 -0.36737 0.39313 -0.60507 0.41217 -0.54773 0.41412 -0.91022 0.47360 -0.68100 0.06329 -0.69797 0.31656 -0.59763 0.27295 -0.87357 0.32480 -0.70825 0.02692 -0.71896
compRangeBiasAndRxChanPhase 0.0619194 0.53458 -0.29654 0.65390 -0.54654 0.62643 -0.36215 0.39865 -0.60834 0.42313 -0.54541 0.42297 -0.90616 0.47440 -0.68332 0.06848 -0.69754 0.32425 -0.59851 0.28409 -0.87830 0.32874 -0.70877 0.03015 -0.72473
compRangeBiasAndRxChanPhase 0.0619351 0.55191 -0.26169 0.69058 -0.50266 0.64789 -0.32587 0.43723 -0.57681 0.45587 -0.52206 0.48102 -0.87671 0.52118 -0.65283 0.11246 -0.69540 0.35806 -0.57727 0.33716 -0.86295 0.37604 -0.68961 0.07346 -0.72107
compRangeBiasAndRxChanPhase 0.0619636 0.53073 -0.29706 0.64966 -0.54938 0.62256 -0.36874 0.39719 -0.60666 0.41608 -0.54453 0.41510 -0.90976 0.46826 -0.68427 0.06458 -0.69543 0.31848 -0.59857 0.27698 -0.87595 0.32889 -0.70984 0.02893 -0.72491
compRangeBiasAndRxChanPhase 0.0619678 0.49927 -0.34018 0.59937 -0.60135 0.58807 -0.41675 0.33978 -0.63748 0.36465 -0.57956 0.33475 -0.94232 0.40771 -0.71863 0.00284 -0.69812 0.26468 -0.62045 0.20251 -0.89316 0.26645 -0.73108 -0.03476 -0.71948
compRangeBiasAndRxChanPhase 0.0619548 0.50967 -0.33087 0.61298 -0.58939 0.59909 -0.40649 0.35370 -0.63385 0.38412 -0.57352 0.35657 -0.93427 0.42542 -0.71075 0.01663 -0.70035 0.27994 -0.61780 0.22433 -0.88889 0.28262 -0.73068 -0.01779 -0.72433
compRangeBiasAndRxChanPhase 0.0619454 0.51950 -0.31204 0.63461 -0.56506 0.61176 -0.38339 0.37524 -0.61786 0.40125 -0.55682 0.39230 -0.91983 0.45071 -0.69687 0.04333 -0.69876 0.30161 -0.60471 0.24805 -0.88474 0.30713 -0.71487 0.00647 -0.72147
compRangeBiasAndRxChanPhase 0.0619648 0.51141 -0.33014 0.61462 -0.58832 0.60135 -0.40381 0.36194 -0.63199 0.38519 -0.57452 0.35999 -0.93295 0.42920 -0.71274 0.01932 -0.70139 0.28561 -0.61597 0.22952 -0.89490 0.28723 -0.72571 -0.01559 -0.72717
compRangeBiasAndRxChanPhase 0.0619691 0.51428 -0.32468 0.62668 -0.57596 0.60336 -0.39868 0.36273 -0.62634 0.38879 -0.56766 0.37442 -0.92725 0.43701 -0.70554 0.02887 -0.69791 0.28830 -0.61340 0.22858 -0.88992 0.29398 -0.72644 -0.01144 -0.72345
compRangeBiasAndRxChanPhase 0.0619672 0.51404 -0.32651 0.62183 -0.58014 0.60361 -0.40121 0.36072 -0.62952 0.38675 -0.56958 0.37064 -0.92877 0.43472 -0.70581 0.02823 -0.70282 0.28809 -0.61359 0.23019 -0.88940 0.28882 -0.72516 -0.00912 -0.72372
compRangeBiasAndRxChanPhase 0.0619236 0.54117 -0.28232 0.67188 -0.53409 0.63489 -0.35117 0.41541 -0.59848 0.43420 -0.53607 0.44299 -0.89651 0.49445 -0.66824 0.08661 -0.69589 0.34137 -0.58932 0.30905 -0.86877 0.35306 -0.70029 0.05029 -0.72040
compRangeBiasAndRxChanPhase 0.0619165 0.53842 -0.28946 0.66315 -0.54153 0.62988 -0.35873 0.40649 -0.60352 0.43185 -0.54330 0.43381 -0.90100 0.48517 -0.67560 0.07550 -0.69467 0.33295 -0.59482 0.29016 -0.87381 0.34247 -0.70822 0.04257 -0.72501
compRangeBiasAndRxChanPhase 0.0619157 0.54819 -0.27051 0.68137 -0.52023 0.64581 -0.33743 0.42920 -0.58716 0.44705 -0.53015 0.46625 -0.88464 0.50879 -0.66266 0.10364 -0.69830 0.35226 -0.58505 0.32123 -0.86462 0.36707 -0.69690 0.06387 -0.72375
compRangeBiasAndRxChanPhase 0.0619029 0.55496 -0.24527 0.69873 -0.48489 0.65347 -0.30676 0.45184 -0.56439 0.46735 -0.50375 0.50403 -0.86368 0.53085 -0.63437 0.13000 -0.68835 0.37103 -0.56415 0.35532 -0.84763 0.39661 -0.67853 0.09589 -0.71710
compRangeBiasAndRxChanPhase 0.0619648 0.51343 -0.33926 0.62039 -0.60269 0.60214 -0.41696 0.35614 -0.64343 0.38306 -0.58456 0.35117 -0.93631 0.42575 -0.72256 0.01456 -0.70892 0.28204 -0.62769 0.21695 -0.90356 0.28271 -0.74103 -0.02368 -0.73489
compRangeBiasAndRxChanPhase 0.0619458 0.53284 -0.29807 0.65533 -0.54877 0.62411 -0.36530 0.40076 -0.60812 0.41779 -0.54950 0.41937 -0.90781 0.47620 -0.68549 0.06210 -0.70102 0.32062 -0.59976 0.27798 -0.88135 0.33197 -0.71146 0.02545 -0.72418
compRangeBiasAndRxChanPhase 0.0619979 0.50479 -0.33875 0.60715 -0.59714 0.59293 -0.41443 0.34387 -0.63620 0.37170 -0.57886 0.34421 -0.93890 0.41449 -0.71829 0.00812 -0.70233 0.27176 -0.62039 0.20340 -0.89590 0.27103 -0.73203 -0.03107 -0.72241
compRangeBiasAndRxChanPhase 0.0619231 0.51920 -0.31693 0.63007 -0.57278 0.60846 -0.38892 0.37238 -0.61954 0.39487 -0.55963 0.38284 -0.92383 0.44467 -0.69962 0.03754 -0.69653 0.29471 -0.61078 0.24344 -0.88205 0.30026 -0.72250 -0.00320 -0.72272
compRangeBiasAndRxChanPhase 0.0619945 0.51196 -0.33258 0.62073 -0.58731 0.60254 -0.40637 0.35843 -0.63150 0.38312 -0.57251 0.35745 -0.93393 0.42789 -0.71390 0.01904 -0.70374 0.28580 -0.61942 0.22424 -0.89661 0.28564 -0.73276 -0.01602 -0.72485
